[?2004h[os@klunk pattypan]$ pastel pick
[?2004l                                                    
  [38;2;255;255;255;48;2;255;255;255m [0m[38;2;255;255;255;48;2;0;0;0m▀[0m[38;2;255;255;255;48;2;0;0;0m▀[0m[38;2;255;255;255;48;2;0;0;0m▀[0m[38;2;255;255;255;48;2;0;0;0m▀[0m[38;2;255;255;255;48;2;0;0;0m▀[0m[38;2;255;255;255;48;2;0;0;0m▀[0m[38;2;255;255;255;48;2;0;0;0m▀[0m[38;2;255;255;255;48;2;0;0;0m▀[0m[38;2;255;255;255;48;2;0;0;0m▀[0m[38;2;255;255;255;48;2;0;0;0m▀[0m[38;2;255;255;255;48;2;0;0;0m▀[0m[38;2;255;255;255;48;2;0;0;0m▀[0m[38;2;255;255;255;48;2;0;0;0m▀[0m[38;2;255;255;255;48;2;0;0;0m▀[0m[38;2;255;255;255;48;2;0;0;0m▀[0m[38;2;255;255;255;48;2;0;0;0m▀[0m[38;2;255;255;255;48;2;0;0;0m▀[0m[38;2;255;255;255;48;2;0;0;0m▀[0m[38;2;255;255;255;48;2;0;0;0m▀[0m[38;2;255;255;255;48;2;0;0;0m▀[0m[38;2;255;255;255;48;2;0;0;0m▀[0m[38;2;255;255;255;48;2;0;0;0m▀[0m[38;2;255;255;255;48;2;0;0;0m▀[0m[38;2;255;255;255;48;2;0;0;0m▀[0m[38;2;255;255;255;48;2;0;0;0m▀[0m[38;2;255;255;255;48;2;0;0;0m▀[0m[38;2;255;255;255;48;2;0;0;0m▀[0m[38;2;255;255;255;48;2;0;0;0m▀[0m[38;2;255;255;255;48;2;0;0;0m▀[0m[38;2;255;255;255;48;2;0;0;0m▀[0m[38;2;255;255;255;48;2;0;0;0m▀[0m[38;2;255;255;255;48;2;0;0;0m▀[0m[38;2;255;255;255;48;2;0;0;0m▀[0m[38;2;255;255;255;48;2;0;0;0m▀[0m[38;2;255;255;255;48;2;0;0;0m▀[0m[38;2;255;255;255;48;2;0;0;0m▀[0m[38;2;255;255;255;48;2;0;0;0m▀[0m[38;2;255;255;255;48;2;0;0;0m▀[0m[38;2;255;255;255;48;2;0;0;0m▀[0m[38;2;255;255;255;48;2;0;0;0m▀[0m[38;2;255;255;255;48;2;0;0;0m▀[0m[38;2;255;255;255;48;2;0;0;0m▀[0m[38;2;255;255;255;48;2;0;0;0m▀[0m[38;2;255;255;255;48;2;0;0;0m▀[0m[38;2;255;255;255;48;2;0;0;0m▀[0m[38;2;255;255;255;48;2;0;0;0m▀[0m[38;2;255;255;255;48;2;0;0;0m▀[0m[38;2;255;255;255;48;2;0;0;0m▀[0m[38;2;255;255;255;48;2;255;255;255m [0m
  [38;2;255;255;255;48;2;255;255;255m [0m[38;2;10;4;4;48;2;19;8;8m▀[0m[38;2;10;5;4;48;2;19;9;8m▀[0m[38;2;10;5;4;48;2;18;10;7m▀[0m[38;2;9;6;3;48;2;18;11;7m▀[0m[38;2;9;6;3;48;2;18;12;6m▀[0m[38;2;9;7;3;48;2;17;13;5m▀[0m[38;2;9;7;3;48;2;17;14;5m▀[0m[38;2;8;8;2;48;2;16;15;4m▀[0m[38;2;8;8;2;48;2;16;16;3m▀[0m[38;2;7;8;2;48;2;14;16;4m▀[0m[38;2;7;8;2;48;2;13;16;4m▀[0m[38;2;6;8;2;48;2;12;16;4m▀[0m[38;2;5;8;2;48;2;10;16;4m▀[0m[38;2;5;8;2;48;2;9;16;4m▀[0m[38;2;4;9;2;48;2;8;17;5m▀[0m[38;2;3;9;3;48;2;6;17;5m▀[0m[38;2;3;9;3;48;2;5;17;5m▀[0m[38;2;3;9;3;48;2;5;17;6m▀[0m[38;2;3;9;4;48;2;5;17;8m▀[0m[38;2;3;9;5;48;2;5;17;9m▀[0m[38;2;3;9;6;48;2;5;17;11m▀[0m[38;2;3;9;6;48;2;5;17;12m▀[0m[38;2;2;9;7;48;2;5;17;14m▀[0m[38;2;2;9;8;48;2;4;16;15m▀[0m[38;2;2;8;8;48;2;4;16;16m▀[0m[38;2;3;8;9;48;2;5;15;17m▀[0m[38;2;3;8;9;48;2;6;15;17m▀[0m[38;2;3;7;9;48;2;6;14;18m▀[0m[38;2;4;7;10;48;2;7;13;18m▀[0m[38;2;4;6;10;48;2;8;12;19m▀[0m[38;2;4;6;10;48;2;8;11;19m▀[0m[38;2;4;5;10;48;2;9;10;19m▀[0m[38;2;5;5;11;48;2;9;9;20m▀[0m[38;2;5;5;11;48;2;10;9;19m▀[0m[38;2;6;4;10;48;2;12;9;19m▀[0m[38;2;7;4;10;48;2;13;9;19m▀[0m[38;2;7;4;10;48;2;14;8;19m▀[0m[38;2;8;4;10;48;2;15;8;19m▀[0m[38;2;9;4;10;48;2;16;8;19m▀[0m[38;2;9;4;10;48;2;17;8;19m▀[0m[38;2;10;4;10;48;2;19;8;19m▀[0m[38;2;10;4;9;48;2;19;8;17m▀[0m[38;2;10;4;9;48;2;19;8;16m▀[0m[38;2;10;4;8;48;2;19;8;15m▀[0m[38;2;10;4;7;48;2;19;8;14m▀[0m[38;2;10;4;6;48;2;19;8;12m▀[0m[38;2;10;4;6;48;2;19;8;11m▀[0m[38;2;10;4;5;48;2;19;8;10m▀[0m[38;2;255;255;255;48;2;255;255;255m [0m
  [38;2;255;255;255;48;2;255;255;255m [0m[38;2;27;12;12;48;2;35;14;14m▀[0m[38;2;27;13;11;48;2;35;16;14m▀[0m[38;2;26;14;10;48;2;34;17;12m▀[0m[38;2;26;15;9;48;2;34;19;11m▀[0m[38;2;25;17;8;48;2;33;21;9m▀[0m[38;2;25;18;7;48;2;32;23;8m▀[0m[38;2;24;20;6;48;2;31;25;6m▀[0m[38;2;23;21;5;48;2;30;27;4m▀[0m[38;2;23;23;3;48;2;29;29;2m▀[0m[38;2;20;23;4;48;2;27;29;3m▀[0m[38;2;18;23;4;48;2;24;29;3m▀[0m[38;2;16;23;4;48;2;21;30;4m▀[0m[38;2;14;23;5;48;2;18;30;4m▀[0m[38;2;12;24;5;48;2;15;30;4m▀[0m[38;2;10;24;5;48;2;12;30;5m▀[0m[38;2;8;24;5;48;2;9;31;5m▀[0m[38;2;6;24;6;48;2;6;31;5m▀[0m[38;2;6;24;8;48;2;6;31;8m▀[0m[38;2;6;24;10;48;2;6;31;12m▀[0m[38;2;5;24;12;48;2;6;31;15m▀[0m[38;2;5;24;15;48;2;5;31;18m▀[0m[38;2;5;24;17;48;2;5;30;21m▀[0m[38;2;5;24;19;48;2;5;30;24m▀[0m[38;2;5;24;21;48;2;6;30;27m▀[0m[38;2;5;24;24;48;2;6;30;30m▀[0m[38;2;6;22;24;48;2;7;28;31m▀[0m[38;2;8;21;25;48;2;8;26;32m▀[0m[38;2;9;19;26;48;2;10;24;34m▀[0m[38;2;10;18;26;48;2;11;23;35m▀[0m[38;2;11;17;27;48;2;13;21;36m▀[0m[38;2;12;16;27;48;2;13;19;36m▀[0m[38;2;12;14;28;48;2;14;18;37m▀[0m[38;2;13;13;28;48;2;15;17;38m▀[0m[38;2;15;13;28;48;2;17;16;37m▀[0m[38;2;16;13;28;48;2;19;16;37m▀[0m[38;2;18;13;28;48;2;21;16;37m▀[0m[38;2;19;12;28;48;2;24;15;37m▀[0m[38;2;21;12;27;48;2;26;15;36m▀[0m[38;2;23;12;27;48;2;29;14;36m▀[0m[38;2;25;11;27;48;2;32;13;36m▀[0m[38;2;27;11;27;48;2;35;13;35m▀[0m[38;2;27;11;25;48;2;35;13;32m▀[0m[38;2;27;11;23;48;2;35;13;29m▀[0m[38;2;27;11;21;48;2;35;13;26m▀[0m[38;2;27;11;19;48;2;35;14;24m▀[0m[38;2;27;12;17;48;2;35;14;21m▀[0m[38;2;27;12;15;48;2;35;14;19m▀[0m[38;2;27;12;14;48;2;35;14;17m▀[0m[38;2;255;255;255;48;2;255;255;255m [0m
  [38;2;255;255;255;48;2;255;255;255m [0m[38;2;44;15;16;48;2;53;16;18m▀[0m[38;2;44;17;15;48;2;52;20;16m▀[0m[38;2;43;20;14;48;2;50;23;15m▀[0m[38;2;42;23;12;48;2;49;26;13m▀[0m[38;2;40;25;10;48;2;48;29;11m▀[0m[38;2;39;28;8;48;2;46;33;9m▀[0m[38;2;38;30;6;48;2;45;35;6m▀[0m[38;2;37;33;4;48;2;43;38;4m▀[0m[38;2;35;35;2;48;2;41;41;2m▀[0m[38;2;32;35;2;48;2;37;42;2m▀[0m[38;2;29;36;3;48;2;33;42;3m▀[0m[38;2;25;36;3;48;2;29;42;4m▀[0m[38;2;22;36;4;48;2;25;43;4m▀[0m[38;2;19;37;4;48;2;21;43;5m▀[0m[38;2;15;37;5;48;2;17;43;5m▀[0m[38;2;11;37;5;48;2;12;44;5m▀[0m[38;2;8;37;5;48;2;8;44;6m▀[0m[38;2;8;37;9;48;2;7;44;11m▀[0m[38;2;7;37;14;48;2;7;44;17m▀[0m[38;2;7;37;18;48;2;7;44;21m▀[0m[38;2;7;37;22;48;2;7;43;26m▀[0m[38;2;6;37;26;48;2;6;43;30m▀[0m[38;2;6;37;29;48;2;6;43;34m▀[0m[38;2;6;37;33;48;2;6;43;39m▀[0m[38;2;6;36;36;48;2;5;43;43m▀[0m[38;2;7;34;38;48;2;8;40;45m▀[0m[38;2;9;32;39;48;2;10;38;47m▀[0m[38;2;11;30;41;48;2;12;35;48m▀[0m[38;2;12;27;43;48;2;14;32;50m▀[0m[38;2;14;25;44;48;2;16;29;52m▀[0m[38;2;15;23;45;48;2;18;26;54m▀[0m[38;2;15;21;46;48;2;19;23;55m▀[0m[38;2;16;19;47;48;2;20;21;57m▀[0m[38;2;19;19;47;48;2;24;20;56m▀[0m[38;2;22;19;47;48;2;28;20;56m▀[0m[38;2;26;18;46;48;2;32;19;55m▀[0m[38;2;30;17;46;48;2;36;18;55m▀[0m[38;2;33;16;45;48;2;40;17;54m▀[0m[38;2;37;15;45;48;2;44;17;53m▀[0m[38;2;40;14;44;48;2;48;16;52m▀[0m[38;2;44;13;43;48;2;51;15;51m▀[0m[38;2;44;14;40;48;2;52;15;47m▀[0m[38;2;44;14;36;48;2;52;15;43m▀[0m[38;2;44;14;33;48;2;52;16;38m▀[0m[38;2;44;14;29;48;2;52;16;34m▀[0m[38;2;44;15;25;48;2;53;16;29m▀[0m[38;2;44;15;22;48;2;53;16;25m▀[0m[38;2;44;15;19;48;2;53;16;21m▀[0m[38;2;255;255;255;48;2;255;255;255m [0m
  [38;2;255;255;255;48;2;255;255;255m [0m[38;2;61;19;19;48;2;69;21;21m▀[0m[38;2;60;22;18;48;2;68;25;19m▀[0m[38;2;58;26;16;48;2;66;30;18m▀[0m[38;2;57;30;14;48;2;64;34;16m▀[0m[38;2;55;34;12;48;2;62;38;14m▀[0m[38;2;53;37;10;48;2;60;42;11m▀[0m[38;2;51;41;7;48;2;58;46;9m▀[0m[38;2;49;44;5;48;2;56;50;6m▀[0m[38;2;47;47;3;48;2;53;54;4m▀[0m[38;2;43;48;3;48;2;48;54;5m▀[0m[38;2;38;48;4;48;2;43;55;5m▀[0m[38;2;33;49;5;48;2;37;55;6m▀[0m[38;2;28;49;5;48;2;32;56;6m▀[0m[38;2;24;50;6;48;2;26;56;7m▀[0m[38;2;18;50;6;48;2;20;57;7m▀[0m[38;2;13;50;6;48;2;13;57;8m▀[0m[38;2;7;50;7;48;2;6;57;8m▀[0m[38;2;7;50;13;48;2;6;57;15m▀[0m[38;2;6;50;19;48;2;6;57;21m▀[0m[38;2;6;50;24;48;2;6;57;27m▀[0m[38;2;6;50;29;48;2;6;57;33m▀[0m[38;2;6;50;34;48;2;6;56;39m▀[0m[38;2;6;50;39;48;2;5;56;45m▀[0m[38;2;5;50;44;48;2;5;56;50m▀[0m[38;2;5;49;49;48;2;4;56;56m▀[0m[38;2;8;46;52;48;2;8;52;58m▀[0m[38;2;11;43;54;48;2;11;49;61m▀[0m[38;2;13;40;56;48;2;15;45;63m▀[0m[38;2;16;37;58;48;2;17;41;66m▀[0m[38;2;18;33;60;48;2;20;38;68m▀[0m[38;2;20;30;62;48;2;23;33;71m▀[0m[38;2;23;26;64;48;2;25;29;73m▀[0m[38;2;24;23;66;48;2;28;25;75m▀[0m[38;2;29;22;65;48;2;33;24;74m▀[0m[38;2;33;21;65;48;2;37;24;74m▀[0m[38;2;38;21;64;48;2;42;23;73m▀[0m[38;2;42;20;63;48;2;47;23;72m▀[0m[38;2;46;19;62;48;2;52;22;71m▀[0m[38;2;51;19;61;48;2;57;21;69m▀[0m[38;2;55;18;60;48;2;62;20;68m▀[0m[38;2;59;17;59;48;2;67;19;67m▀[0m[38;2;59;17;54;48;2;67;19;61m▀[0m[38;2;60;17;49;48;2;68;19;55m▀[0m[38;2;60;18;44;48;2;68;20;50m▀[0m[38;2;60;18;39;48;2;68;20;44m▀[0m[38;2;61;18;34;48;2;69;20;38m▀[0m[38;2;61;18;28;48;2;69;20;32m▀[0m[38;2;61;18;23;48;2;69;20;26m▀[0m[38;2;255;255;255;48;2;255;255;255m [0m
  [38;2;255;255;255;48;2;255;255;255m [0m[38;2;78;23;22;48;2;86;25;24m▀[0m[38;2;76;28;21;48;2;84;30;23m▀[0m[38;2;74;33;19;48;2;82;36;21m▀[0m[38;2;72;38;17;48;2;79;42;19m▀[0m[38;2;69;43;15;48;2;77;47;17m▀[0m[38;2;67;47;13;48;2;74;52;14m▀[0m[38;2;64;52;10;48;2;71;57;11m▀[0m[38;2;62;56;7;48;2;68;62;8m▀[0m[38;2;59;60;4;48;2;66;66;4m▀[0m[38;2;53;61;5;48;2;59;67;5m▀[0m[38;2;48;61;6;48;2;52;68;6m▀[0m[38;2;41;62;7;48;2;46;68;7m▀[0m[38;2;35;62;7;48;2;39;69;8m▀[0m[38;2;28;63;8;48;2;31;69;8m▀[0m[38;2;22;63;8;48;2;23;70;9m▀[0m[38;2;14;63;9;48;2;15;70;9m▀[0m[38;2;5;64;9;48;2;5;70;10m▀[0m[38;2;6;64;17;48;2;5;70;18m▀[0m[38;2;6;63;23;48;2;5;70;26m▀[0m[38;2;6;63;30;48;2;5;70;33m▀[0m[38;2;5;63;37;48;2;5;70;41m▀[0m[38;2;5;63;43;48;2;4;70;48m▀[0m[38;2;5;63;50;48;2;4;69;55m▀[0m[38;2;4;63;56;48;2;3;69;62m▀[0m[38;2;3;62;63;48;2;1;69;69m▀[0m[38;2;8;59;65;48;2;7;65;72m▀[0m[38;2;12;55;68;48;2;13;60;75m▀[0m[38;2;16;50;71;48;2;17;56;78m▀[0m[38;2;19;46;74;48;2;21;51;81m▀[0m[38;2;22;42;76;48;2;25;46;84m▀[0m[38;2;25;37;79;48;2;28;41;87m▀[0m[38;2;28;32;82;48;2;31;36;90m▀[0m[38;2;31;28;84;48;2;34;30;93m▀[0m[38;2;36;27;83;48;2;40;30;92m▀[0m[38;2;42;26;82;48;2;46;29;91m▀[0m[38;2;47;26;81;48;2;52;28;90m▀[0m[38;2;53;25;80;48;2;58;27;89m▀[0m[38;2;58;24;79;48;2;65;26;87m▀[0m[38;2;64;23;78;48;2;71;25;86m▀[0m[38;2;69;22;76;48;2;77;24;84m▀[0m[38;2;75;20;75;48;2;83;22;82m▀[0m[38;2;75;21;68;48;2;83;23;75m▀[0m[38;2;76;21;62;48;2;84;23;68m▀[0m[38;2;76;22;55;48;2;84;24;61m▀[0m[38;2;76;22;49;48;2;85;24;54m▀[0m[38;2;77;22;42;48;2;85;24;46m▀[0m[38;2;77;22;35;48;2;85;24;39m▀[0m[38;2;77;23;29;48;2;86;25;31m▀[0m[38;2;255;255;255;48;2;255;255;255m [0m
  [38;2;255;255;255;48;2;255;255;255m [0m[38;2;94;27;26;48;2;102;29;28m▀[0m[38;2;92;33;25;48;2;100;36;27m▀[0m[38;2;90;39;23;48;2;97;43;25m▀[0m[38;2;87;46;21;48;2;95;50;22m▀[0m[38;2;84;51;18;48;2;91;56;20m▀[0m[38;2;81;57;15;48;2;88;62;17m▀[0m[38;2;78;63;12;48;2;85;68;13m▀[0m[38;2;75;68;8;48;2;82;74;8m▀[0m[38;2;72;73;4;48;2;78;79;3m▀[0m[38;2;65;74;5;48;2;70;80;5m▀[0m[38;2;57;74;6;48;2;62;81;6m▀[0m[38;2;50;75;7;48;2;54;82;7m▀[0m[38;2;42;76;8;48;2;46;82;8m▀[0m[38;2;34;76;8;48;2;37;83;9m▀[0m[38;2;25;77;9;48;2;27;83;9m▀[0m[38;2;15;77;10;48;2;16;84;10m▀[0m[38;2;3;77;10;48;2;2;84;10m▀[0m[38;2;4;77;19;48;2;3;84;21m▀[0m[38;2;4;77;28;48;2;3;84;30m▀[0m[38;2;4;77;36;48;2;3;83;39m▀[0m[38;2;4;77;44;48;2;3;83;48m▀[0m[38;2;3;76;52;48;2;2;83;57m▀[0m[38;2;2;76;60;48;2;1;83;65m▀[0m[38;2;1;76;68;48;2;0;83;74m▀[0m[38;2;0;76;76;48;2;0;82;82m▀[0m[38;2;7;71;79;48;2;6;77;86m▀[0m[38;2;13;66;82;48;2;14;72;90m▀[0m[38;2;18;61;86;48;2;20;66;93m▀[0m[38;2;23;56;89;48;2;25;61;97m▀[0m[38;2;27;51;93;48;2;29;55;101m▀[0m[38;2;31;45;96;48;2;33;49;104m▀[0m[38;2;34;39;99;48;2;37;42;108m▀[0m[38;2;38;33;102;48;2;41;36;111m▀[0m[38;2;44;32;101;48;2;48;35;110m▀[0m[38;2;50;32;100;48;2;55;34;109m▀[0m[38;2;57;31;99;48;2;62;33;107m▀[0m[38;2;64;30;97;48;2;69;32;106m▀[0m[38;2;71;29;96;48;2;77;31;104m▀[0m[38;2;77;27;94;48;2;84;30;102m▀[0m[38;2;84;26;92;48;2;91;28;100m▀[0m[38;2;90;24;90;48;2;98;26;98m▀[0m[38;2;91;25;83;48;2;99;27;90m▀[0m[38;2;92;25;75;48;2;100;27;81m▀[0m[38;2;92;26;67;48;2;100;28;73m▀[0m[38;2;93;26;59;48;2;101;28;64m▀[0m[38;2;93;26;51;48;2;101;28;55m▀[0m[38;2;93;27;43;48;2;102;29;46m▀[0m[38;2;94;27;34;48;2;102;29;37m▀[0m[38;2;255;255;255;48;2;255;255;255m [0m
  [38;2;255;255;255;48;2;255;255;255m [0m[38;2;111;31;30;48;2;119;34;32m▀[0m[38;2;108;39;29;48;2;116;42;31m▀[0m[38;2;105;46;27;48;2;113;50;28m▀[0m[38;2;102;53;24;48;2;110;57;26m▀[0m[38;2;99;60;21;48;2;106;65;23m▀[0m[38;2;95;67;18;48;2;103;72;19m▀[0m[38;2;92;74;14;48;2;99;79;15m▀[0m[38;2;88;80;8;48;2;95;86;9m▀[0m[38;2;84;86;3;48;2;91;92;2m▀[0m[38;2;76;87;4;48;2;82;93;4m▀[0m[38;2;67;88;6;48;2;72;94;5m▀[0m[38;2;58;88;7;48;2;63;95;7m▀[0m[38;2;49;89;8;48;2;53;96;8m▀[0m[38;2;40;90;9;48;2;42;96;9m▀[0m[38;2;29;90;10;48;2;31;97;10m▀[0m[38;2;17;90;10;48;2;17;97;11m▀[0m[38;2;1;91;11;48;2;0;97;11m▀[0m[38;2;1;91;22;48;2;0;97;24m▀[0m[38;2;1;90;33;48;2;0;97;35m▀[0m[38;2;2;90;42;48;2;0;97;46m▀[0m[38;2;1;90;52;48;2;0;97;56m▀[0m[38;2;1;90;61;48;2;0;97;66m▀[0m[38;2;0;90;71;48;2;0;96;76m▀[0m[38;2;0;89;80;48;2;0;96;86m▀[0m[38;2;0;89;89;48;2;0;96;96m▀[0m[38;2;5;83;93;48;2;4;90;100m▀[0m[38;2;14;78;97;48;2;15;84;104m▀[0m[38;2;21;72;101;48;2;22;77;109m▀[0m[38;2;26;66;105;48;2;28;71;113m▀[0m[38;2;31;59;109;48;2;34;64;117m▀[0m[38;2;36;53;113;48;2;39;57;121m▀[0m[38;2;40;46;117;48;2;43;49;125m▀[0m[38;2;44;39;120;48;2;48;41;129m▀[0m[38;2;51;38;119;48;2;55;41;128m▀[0m[38;2;59;37;118;48;2;63;40;126m▀[0m[38;2;67;36;116;48;2;72;39;125m▀[0m[38;2;75;35;114;48;2;81;37;123m▀[0m[38;2;83;34;112;48;2;89;36;121m▀[0m[38;2;91;32;110;48;2;98;34;119m▀[0m[38;2;99;30;108;48;2;106;32;117m▀[0m[38;2;106;28;106;48;2;114;30;114m▀[0m[38;2;107;28;97;48;2;115;30;104m▀[0m[38;2;108;29;88;48;2;116;31;94m▀[0m[38;2;108;30;78;48;2;116;32;84m▀[0m[38;2;109;30;69;48;2;117;32;74m▀[0m[38;2;109;31;59;48;2;118;33;64m▀[0m[38;2;110;31;50;48;2;118;33;53m▀[0m[38;2;110;31;40;48;2;118;33;43m▀[0m[38;2;255;255;255;48;2;255;255;255m [0m
  [38;2;255;255;255;48;2;255;255;255m [0m[38;2;127;36;35;48;2;135;38;37m▀[0m[38;2;124;45;33;48;2;133;47;35m▀[0m[38;2;121;53;30;48;2;129;57;32m▀[0m[38;2;118;61;28;48;2;126;66;29m▀[0m[38;2;114;70;24;48;2;121;74;26m▀[0m[38;2;110;77;20;48;2;117;82;21m▀[0m[38;2;106;85;15;48;2;113;90;16m▀[0m[38;2;102;92;9;48;2;108;98;9m▀[0m[38;2;97;99;1;48;2;104;105;0m▀[0m[38;2;87;100;3;48;2;93;106;2m▀[0m[38;2;78;101;5;48;2;83;108;4m▀[0m[38;2;67;102;6;48;2;72;108;6m▀[0m[38;2;57;102;8;48;2;60;109;8m▀[0m[38;2;45;103;9;48;2;48;110;9m▀[0m[38;2;33;104;10;48;2;35;110;10m▀[0m[38;2;18;104;11;48;2;19;111;11m▀[0m[38;2;0;104;11;48;2;0;111;12m▀[0m[38;2;0;104;25;48;2;0;111;27m▀[0m[38;2;0;104;37;48;2;0;111;40m▀[0m[38;2;0;104;49;48;2;0;111;52m▀[0m[38;2;0;104;60;48;2;0;111;64m▀[0m[38;2;0;103;71;48;2;0;110;75m▀[0m[38;2;0;103;81;48;2;0;110;87m▀[0m[38;2;0;103;92;48;2;0;110;98m▀[0m[38;2;0;102;103;48;2;0;109;109m▀[0m[38;2;3;96;107;48;2;2;102;114m▀[0m[38;2;15;89;112;48;2;16;95;119m▀[0m[38;2;24;83;116;48;2;25;88;124m▀[0m[38;2;30;76;121;48;2;32;81;129m▀[0m[38;2;36;68;126;48;2;38;73;134m▀[0m[38;2;41;61;130;48;2;44;65;139m▀[0m[38;2;47;52;134;48;2;50;56;143m▀[0m[38;2;51;44;138;48;2;55;47;147m▀[0m[38;2;59;44;137;48;2;63;46;146m▀[0m[38;2;68;43;135;48;2;72;45;144m▀[0m[38;2;77;41;134;48;2;82;44;142m▀[0m[38;2;86;40;132;48;2;92;43;140m▀[0m[38;2;95;38;129;48;2;102;41;138m▀[0m[38;2;105;37;127;48;2;111;39;136m▀[0m[38;2;113;34;125;48;2;121;36;133m▀[0m[38;2;122;32;122;48;2;130;34;130m▀[0m[38;2;123;33;112;48;2;131;35;119m▀[0m[38;2;124;33;101;48;2;132;35;108m▀[0m[38;2;125;34;90;48;2;133;36;96m▀[0m[38;2;125;35;79;48;2;134;37;84m▀[0m[38;2;126;35;68;48;2;134;37;73m▀[0m[38;2;126;35;57;48;2;135;38;61m▀[0m[38;2;127;36;46;48;2;135;38;49m▀[0m[38;2;255;255;255;48;2;255;255;255m [0m
  [38;2;255;255;255;48;2;255;255;255m [0m[38;2;144;41;39;48;2;152;43;41m▀[0m[38;2;141;50;37;48;2;149;53;39m▀[0m[38;2;137;60;34;48;2;145;64;36m▀[0m[38;2;133;70;31;48;2;141;74;33m▀[0m[38;2;129;79;27;48;2;137;83;29m▀[0m[38;2;124;88;23;48;2;132;93;24m▀[0m[38;2;120;96;17;48;2;127;102;18m▀[0m[38;2;115;104;9;48;2;122;110;9m▀[0m[38;2;110;112;0;48;2;117;118;0m▀[0m[38;2;99;113;1;48;2;105;120;0m▀[0m[38;2;88;114;4;48;2;93;121;3m▀[0m[38;2;76;115;6;48;2;81;122;5m▀[0m[38;2;64;116;7;48;2;68;123;7m▀[0m[38;2;51;117;9;48;2;54;124;9m▀[0m[38;2;37;117;10;48;2;39;124;10m▀[0m[38;2;19;118;11;48;2;20;125;12m▀[0m[38;2;0;118;12;48;2;0;125;12m▀[0m[38;2;0;118;29;48;2;0;125;30m▀[0m[38;2;0;118;42;48;2;0;125;45m▀[0m[38;2;0;118;55;48;2;0;125;58m▀[0m[38;2;0;117;68;48;2;0;124;72m▀[0m[38;2;0;117;80;48;2;0;124;85m▀[0m[38;2;0;117;92;48;2;0;124;98m▀[0m[38;2;0;116;104;48;2;0;123;110m▀[0m[38;2;0;116;116;48;2;0;123;123m▀[0m[38;2;1;109;121;48;2;0;115;129m▀[0m[38;2;17;101;127;48;2;17;107;134m▀[0m[38;2;26;94;132;48;2;28;99;140m▀[0m[38;2;34;86;137;48;2;36;91;145m▀[0m[38;2;41;77;142;48;2;43;82;151m▀[0m[38;2;47;69;147;48;2;50;73;156m▀[0m[38;2;53;59;152;48;2;56;63;161m▀[0m[38;2;58;50;156;48;2;62;53;165m▀[0m[38;2;67;49;155;48;2;71;52;164m▀[0m[38;2;77;48;153;48;2;82;51;162m▀[0m[38;2;87;47;151;48;2;92;50;160m▀[0m[38;2;98;45;149;48;2;103;48;158m▀[0m[38;2;108;43;147;48;2;114;46;155m▀[0m[38;2;118;41;144;48;2;125;44;152m▀[0m[38;2;128;39;141;48;2;136;41;149m▀[0m[38;2;138;36;138;48;2;146;38;146m▀[0m[38;2;139;37;126;48;2;147;39;134m▀[0m[38;2;140;38;114;48;2;148;40;121m▀[0m[38;2;141;38;102;48;2;149;41;108m▀[0m[38;2;142;39;90;48;2;150;41;95m▀[0m[38;2;142;40;77;48;2;151;42;82m▀[0m[38;2;143;40;65;48;2;151;42;68m▀[0m[38;2;143;40;52;48;2;152;43;55m▀[0m[38;2;255;255;255;48;2;255;255;255m [0m
  [38;2;255;255;255;48;2;255;255;255m [0m[38;2;161;45;44;48;2;169;48;46m▀[0m[38;2;157;56;41;48;2;166;59;43m▀[0m[38;2;153;67;38;48;2;162;71;40m▀[0m[38;2;149;78;35;48;2;157;82;37m▀[0m[38;2;144;88;31;48;2;152;93;32m▀[0m[38;2;139;98;25;48;2;147;103;27m▀[0m[38;2;134;107;19;48;2;141;113;20m▀[0m[38;2;129;116;9;48;2;135;123;9m▀[0m[38;2;123;125;0;48;2;130;132;0m▀[0m[38;2;111;126;0;48;2;117;133;0m▀[0m[38;2;98;128;2;48;2;103;134;1m▀[0m[38;2;85;129;5;48;2;90;136;4m▀[0m[38;2;71;130;7;48;2;75;137;7m▀[0m[38;2;57;131;9;48;2;60;137;9m▀[0m[38;2;41;131;11;48;2;43;138;11m▀[0m[38;2;21;132;12;48;2;21;139;12m▀[0m[38;2;0;132;13;48;2;0;139;13m▀[0m[38;2;0;132;32;48;2;0;139;33m▀[0m[38;2;0;132;47;48;2;0;139;50m▀[0m[38;2;0;131;62;48;2;0;138;65m▀[0m[38;2;0;131;76;48;2;0;138;80m▀[0m[38;2;0;131;89;48;2;0;138;94m▀[0m[38;2;0;130;103;48;2;0;137;109m▀[0m[38;2;0;130;117;48;2;0;137;123m▀[0m[38;2;0;130;130;48;2;0;136;137m▀[0m[38;2;0;121;136;48;2;0;128;143m▀[0m[38;2;18;113;142;48;2;18;119;149m▀[0m[38;2;29;105;147;48;2;31;110;155m▀[0m[38;2;38;96;153;48;2;40;101;161m▀[0m[38;2;46;86;159;48;2;48;91;167m▀[0m[38;2;53;77;165;48;2;56;81;173m▀[0m[38;2;59;66;170;48;2;63;70;179m▀[0m[38;2;65;56;175;48;2;69;59;184m▀[0m[38;2;75;55;173;48;2;79;58;182m▀[0m[38;2;86;54;171;48;2;91;57;180m▀[0m[38;2;98;52;169;48;2;103;55;178m▀[0m[38;2;109;51;167;48;2;115;53;175m▀[0m[38;2;121;49;164;48;2;127;51;172m▀[0m[38;2;132;46;161;48;2;139;49;169m▀[0m[38;2;143;43;158;48;2;151;46;166m▀[0m[38;2;155;40;154;48;2;163;42;163m▀[0m[38;2;156;41;141;48;2;164;43;149m▀[0m[38;2;157;42;128;48;2;165;44;134m▀[0m[38;2;158;43;114;48;2;166;45;120m▀[0m[38;2;158;44;100;48;2;167;46;105m▀[0m[38;2;159;44;86;48;2;167;47;91m▀[0m[38;2;160;45;72;48;2;168;47;76m▀[0m[38;2;160;45;58;48;2;169;47;61m▀[0m[38;2;255;255;255;48;2;255;255;255m [0m
  [38;2;255;255;255;48;2;255;255;255m [0m[38;2;178;50;48;48;2;186;53;50m▀[0m[38;2;174;62;46;48;2;182;65;48m▀[0m[38;2;170;74;43;48;2;178;78;45m▀[0m[38;2;165;86;39;48;2;173;90;41m▀[0m[38;2;160;97;34;48;2;167;102;36m▀[0m[38;2;154;108;28;48;2;161;114;29m▀[0m[38;2;148;119;20;48;2;155;124;21m▀[0m[38;2;142;129;9;48;2;149;135;9m▀[0m[38;2;136;138;0;48;2;143;145;0m▀[0m[38;2;123;140;0;48;2;128;147;0m▀[0m[38;2;109;141;0;48;2;114;148;0m▀[0m[38;2;94;142;4;48;2;99;149;3m▀[0m[38;2;79;144;6;48;2;83;150;6m▀[0m[38;2;63;144;9;48;2;66;151;9m▀[0m[38;2;45;145;11;48;2;47;152;11m▀[0m[38;2;22;146;12;48;2;23;153;13m▀[0m[38;2;0;146;13;48;2;0;153;14m▀[0m[38;2;0;146;35;48;2;0;153;37m▀[0m[38;2;0;146;52;48;2;0;153;55m▀[0m[38;2;0;145;68;48;2;0;152;72m▀[0m[38;2;0;145;84;48;2;0;152;88m▀[0m[38;2;0;145;99;48;2;0;152;104m▀[0m[38;2;0;144;114;48;2;0;151;120m▀[0m[38;2;0;144;129;48;2;0;151;135m▀[0m[38;2;0;143;144;48;2;0;150;151m▀[0m[38;2;0;134;150;48;2;0;141;157m▀[0m[38;2;19;125;157;48;2;20;131;164m▀[0m[38;2;32;116;163;48;2;34;121;171m▀[0m[38;2;42;106;170;48;2;44;111;178m▀[0m[38;2;51;96;176;48;2;53;100;184m▀[0m[38;2;59;85;182;48;2;62;89;191m▀[0m[38;2;66;73;188;48;2;69;77;197m▀[0m[38;2;73;62;193;48;2;76;65;202m▀[0m[38;2;83;61;191;48;2;87;64;201m▀[0m[38;2;95;60;189;48;2;100;63;198m▀[0m[38;2;108;58;187;48;2;113;61;196m▀[0m[38;2;121;56;184;48;2;127;59;193m▀[0m[38;2;133;54;181;48;2;140;57;190m▀[0m[38;2;146;51;178;48;2;153;54;186m▀[0m[38;2;159;48;174;48;2;166;50;183m▀[0m[38;2;171;44;171;48;2;179;46;179m▀[0m[38;2;172;45;156;48;2;180;48;163m▀[0m[38;2;173;46;141;48;2;181;49;148m▀[0m[38;2;174;47;126;48;2;183;50;132m▀[0m[38;2;175;48;111;48;2;183;51;116m▀[0m[38;2;176;49;95;48;2;184;51;100m▀[0m[38;2;177;50;80;48;2;185;52;83m▀[0m[38;2;177;50;64;48;2;186;52;67m▀[0m[38;2;255;255;255;48;2;255;255;255m [0m
  [38;2;255;255;255;48;2;255;255;255m [0m[38;2;195;55;53;48;2;203;58;55m▀[0m[38;2;191;68;50;48;2;199;71;52m▀[0m[38;2;186;82;47;48;2;194;85;49m▀[0m[38;2;181;95;42;48;2;189;99;44m▀[0m[38;2;175;107;37;48;2;183;112;39m▀[0m[38;2;169;119;31;48;2;176;124;32m▀[0m[38;2;163;130;22;48;2;170;136;23m▀[0m[38;2;156;141;9;48;2;163;148;9m▀[0m[38;2;149;152;0;48;2;156;159;0m▀[0m[38;2;134;154;0;48;2;140;160;0m▀[0m[38;2;119;155;0;48;2;124;162;0m▀[0m[38;2;103;156;2;48;2;108;163;2m▀[0m[38;2;87;157;6;48;2;91;164;6m▀[0m[38;2;69;158;9;48;2;72;165;9m▀[0m[38;2;49;159;11;48;2;52;166;11m▀[0m[38;2;24;160;13;48;2;25;167;13m▀[0m[38;2;0;160;14;48;2;0;167;14m▀[0m[38;2;0;160;39;48;2;0;167;40m▀[0m[38;2;0;160;58;48;2;0;167;60m▀[0m[38;2;0;159;75;48;2;0;167;78m▀[0m[38;2;0;159;92;48;2;0;166;96m▀[0m[38;2;0;159;109;48;2;0;166;113m▀[0m[38;2;0;158;125;48;2;0;165;131m▀[0m[38;2;0;158;141;48;2;0;165;148m▀[0m[38;2;0;157;158;48;2;0;164;165m▀[0m[38;2;0;147;165;48;2;0;154;172m▀[0m[38;2;21;137;172;48;2;22;143;179m▀[0m[38;2;36;127;179;48;2;37;133;187m▀[0m[38;2;47;116;186;48;2;49;121;194m▀[0m[38;2;56;105;193;48;2;59;110;201m▀[0m[38;2;65;93;200;48;2;68;97;209m▀[0m[38;2;73;81;206;48;2;76;84;215m▀[0m[38;2;80;68;212;48;2;84;71;221m▀[0m[38;2;92;67;210;48;2;96;70;219m▀[0m[38;2;105;66;208;48;2;109;69;217m▀[0m[38;2;118;64;205;48;2;124;67;214m▀[0m[38;2;132;62;202;48;2;138;65;211m▀[0m[38;2;146;59;198;48;2;153;62;207m▀[0m[38;2;160;56;195;48;2;167;59;203m▀[0m[38;2;174;53;191;48;2;182;55;199m▀[0m[38;2;187;48;187;48;2;195;50;195m▀[0m[38;2;189;50;171;48;2;197;52;179m▀[0m[38;2;190;51;155;48;2;198;53;161m▀[0m[38;2;191;52;138;48;2;199;55;144m▀[0m[38;2;192;53;121;48;2;200;56;127m▀[0m[38;2;193;54;104;48;2;201;56;109m▀[0m[38;2;194;54;87;48;2;202;57;91m▀[0m[38;2;194;55;70;48;2;203;57;73m▀[0m[38;2;255;255;255;48;2;255;255;255m [0m
  [38;2;255;255;255;48;2;255;255;255m [0m[38;2;212;60;58;48;2;216;67;65m▀[0m[38;2;208;75;55;48;2;212;81;62m▀[0m[38;2;203;89;51;48;2;207;95;58m▀[0m[38;2;197;103;46;48;2;201;109;53m▀[0m[38;2;190;117;41;48;2;195;122;48m▀[0m[38;2;184;129;34;48;2;188;135;41m▀[0m[38;2;177;142;24;48;2;181;147;33m▀[0m[38;2;170;154;9;48;2;174;159;22m▀[0m[38;2;163;165;0;48;2;167;170;2m▀[0m[38;2;146;167;0;48;2;151;172;8m▀[0m[38;2;130;169;0;48;2;135;173;14m▀[0m[38;2;113;170;1;48;2;118;175;18m▀[0m[38;2;95;171;5;48;2;101;176;20m▀[0m[38;2;75;172;9;48;2;82;177;23m▀[0m[38;2;54;173;12;48;2;62;178;24m▀[0m[38;2;25;174;14;48;2;38;178;26m▀[0m[38;2;0;174;15;48;2;0;179;27m▀[0m[38;2;0;174;42;48;2;0;179;50m▀[0m[38;2;0;174;63;48;2;0;179;70m▀[0m[38;2;0;174;82;48;2;0;178;88m▀[0m[38;2;0;173;100;48;2;0;178;106m▀[0m[38;2;0;173;118;48;2;0;177;124m▀[0m[38;2;0;172;136;48;2;0;177;141m▀[0m[38;2;0;172;154;48;2;0;176;159m▀[0m[38;2;0;171;172;48;2;0;176;176m▀[0m[38;2;0;161;179;48;2;11;165;184m▀[0m[38;2;22;150;187;48;2;34;155;191m▀[0m[38;2;39;138;195;48;2;47;143;199m▀[0m[38;2;51;127;202;48;2;58;132;206m▀[0m[38;2;61;114;210;48;2;68;120;214m▀[0m[38;2;71;101;217;48;2;76;107;221m▀[0m[38;2;80;88;224;48;2;85;94;228m▀[0m[38;2;87;74;230;48;2;92;81;234m▀[0m[38;2;100;73;228;48;2;105;79;232m▀[0m[38;2;114;71;226;48;2;120;78;230m▀[0m[38;2;129;70;223;48;2;134;76;227m▀[0m[38;2;144;67;220;48;2;149;74;224m▀[0m[38;2;159;65;216;48;2;164;71;220m▀[0m[38;2;174;61;212;48;2;179;68;216m▀[0m[38;2;189;58;208;48;2;194;64;212m▀[0m[38;2;204;53;204;48;2;208;60;208m▀[0m[38;2;205;54;186;48;2;210;62;191m▀[0m[38;2;207;56;168;48;2;211;63;173m▀[0m[38;2;208;57;150;48;2;212;64;156m▀[0m[38;2;209;58;132;48;2;213;65;138m▀[0m[38;2;210;59;114;48;2;214;66;120m▀[0m[38;2;211;59;95;48;2;215;66;102m▀[0m[38;2;211;60;76;48;2;216;67;83m▀[0m[38;2;255;255;255;48;2;255;255;255m [0m
  [38;2;255;255;255;48;2;255;255;255m [0m[38;2;219;76;74;48;2;222;84;82m▀[0m[38;2;215;89;70;48;2;217;97;79m▀[0m[38;2;209;102;66;48;2;212;109;75m▀[0m[38;2;204;115;62;48;2;206;122;71m▀[0m[38;2;198;128;57;48;2;201;133;66m▀[0m[38;2;191;140;51;48;2;194;145;60m▀[0m[38;2;185;151;44;48;2;188;156;54m▀[0m[38;2;178;163;35;48;2;182;167;47m▀[0m[38;2;171;174;24;48;2;175;177;38m▀[0m[38;2;156;175;27;48;2;161;179;41m▀[0m[38;2;140;177;30;48;2;146;181;43m▀[0m[38;2;124;178;33;48;2;130;182;45m▀[0m[38;2;108;179;35;48;2;115;183;46m▀[0m[38;2;90;181;36;48;2;98;184;48m▀[0m[38;2;72;181;38;48;2;81;185;49m▀[0m[38;2;51;182;39;48;2;62;186;50m▀[0m[38;2;23;183;39;48;2;41;186;50m▀[0m[38;2;24;182;59;48;2;41;186;69m▀[0m[38;2;24;182;78;48;2;41;186;86m▀[0m[38;2;24;182;95;48;2;41;186;103m▀[0m[38;2;24;182;113;48;2;40;185;119m▀[0m[38;2;22;181;130;48;2;39;185;135m▀[0m[38;2;19;181;146;48;2;38;184;151m▀[0m[38;2;14;180;163;48;2;35;184;167m▀[0m[38;2;5;179;180;48;2;32;183;183m▀[0m[38;2;32;169;187;48;2;47;173;190m▀[0m[38;2;46;159;194;48;2;58;163;197m▀[0m[38;2;57;148;201;48;2;67;153;204m▀[0m[38;2;66;137;209;48;2;75;143;211m▀[0m[38;2;75;126;216;48;2;83;132;218m▀[0m[38;2;83;114;223;48;2;90;120;225m▀[0m[38;2;91;101;229;48;2;97;108;231m▀[0m[38;2;98;88;236;48;2;104;96;237m▀[0m[38;2;111;87;234;48;2;117;95;235m▀[0m[38;2;125;86;231;48;2;131;93;233m▀[0m[38;2;140;84;229;48;2;145;92;230m▀[0m[38;2;154;82;226;48;2;159;89;228m▀[0m[38;2;169;79;222;48;2;173;87;224m▀[0m[38;2;183;76;219;48;2;187;84;221m▀[0m[38;2;197;73;215;48;2;201;81;218m▀[0m[38;2;211;69;211;48;2;214;78;214m▀[0m[38;2;213;70;195;48;2;216;79;198m▀[0m[38;2;214;72;178;48;2;217;80;182m▀[0m[38;2;215;73;161;48;2;218;81;166m▀[0m[38;2;216;73;144;48;2;219;82;149m▀[0m[38;2;217;74;126;48;2;220;83;133m▀[0m[38;2;218;75;109;48;2;220;83;116m▀[0m[38;2;218;75;91;48;2;221;84;99m▀[0m[38;2;255;255;255;48;2;255;255;255m [0m
  [38;2;255;255;255;48;2;255;255;255m [0m[38;2;224;92;91;48;2;226;100;99m▀[0m[38;2;219;104;87;48;2;222;112;96m▀[0m[38;2;214;116;83;48;2;217;123;92m▀[0m[38;2;209;128;79;48;2;212;134;88m▀[0m[38;2;203;139;74;48;2;206;145;83m▀[0m[38;2;198;150;69;48;2;201;155;78m▀[0m[38;2;192;161;64;48;2;195;165;73m▀[0m[38;2;186;171;57;48;2;189;175;67m▀[0m[38;2;179;181;50;48;2;183;185;61m▀[0m[38;2;165;183;52;48;2;170;186;63m▀[0m[38;2;151;184;54;48;2;156;188;64m▀[0m[38;2;136;185;55;48;2;142;189;66m▀[0m[38;2;121;187;57;48;2;128;190;67m▀[0m[38;2;106;188;58;48;2;114;191;68m▀[0m[38;2;90;189;59;48;2;99;192;69m▀[0m[38;2;73;189;60;48;2;83;193;70m▀[0m[38;2;54;190;61;48;2;66;194;71m▀[0m[38;2;54;190;78;48;2;66;193;86m▀[0m[38;2;54;190;94;48;2;66;193;102m▀[0m[38;2;54;189;110;48;2;66;193;117m▀[0m[38;2;54;189;125;48;2;65;192;132m▀[0m[38;2;53;188;141;48;2;65;192;147m▀[0m[38;2;52;188;156;48;2;64;192;161m▀[0m[38;2;50;187;172;48;2;63;191;176m▀[0m[38;2;48;187;187;48;2;61;191;191m▀[0m[38;2;59;178;194;48;2;70;182;197m▀[0m[38;2;68;168;200;48;2;78;172;203m▀[0m[38;2;76;158;207;48;2;85;163;209m▀[0m[38;2;83;148;213;48;2;92;153;216m▀[0m[38;2;90;138;220;48;2;98;143;222m▀[0m[38;2;97;127;226;48;2;104;133;228m▀[0m[38;2;104;115;233;48;2;111;122;234m▀[0m[38;2;110;104;238;48;2;117;111;240m▀[0m[38;2;123;103;237;48;2;129;110;238m▀[0m[38;2;137;101;234;48;2;142;109;236m▀[0m[38;2;150;99;232;48;2;156;107;234m▀[0m[38;2;164;97;229;48;2;169;105;231m▀[0m[38;2;178;95;226;48;2;182;103;228m▀[0m[38;2;191;93;223;48;2;195;101;226m▀[0m[38;2;204;90;220;48;2;207;98;223m▀[0m[38;2;217;87;217;48;2;220;95;220m▀[0m[38;2;218;88;202;48;2;221;96;205m▀[0m[38;2;219;89;186;48;2;222;97;190m▀[0m[38;2;220;89;171;48;2;223;98;175m▀[0m[38;2;221;90;155;48;2;224;99;160m▀[0m[38;2;222;91;139;48;2;224;99;145m▀[0m[38;2;223;91;123;48;2;225;100;130m▀[0m[38;2;223;92;107;48;2;226;100;115m▀[0m[38;2;255;255;255;48;2;255;255;255m [0m
  [38;2;255;255;255;48;2;255;255;255m [0m[38;2;228;109;108;48;2;231;117;116m▀[0m[38;2;224;119;104;48;2;226;127;113m▀[0m[38;2;219;130;100;48;2;222;137;109m▀[0m[38;2;214;141;96;48;2;217;147;105m▀[0m[38;2;209;151;92;48;2;212;156;101m▀[0m[38;2;204;160;87;48;2;207;166;96m▀[0m[38;2;198;170;82;48;2;202;175;91m▀[0m[38;2;193;179;77;48;2;197;184;87m▀[0m[38;2;187;189;71;48;2;191;192;81m▀[0m[38;2;175;190;73;48;2;179;194;83m▀[0m[38;2;162;191;74;48;2;167;195;84m▀[0m[38;2;148;193;76;48;2;154;196;85m▀[0m[38;2;135;194;77;48;2;142;197;87m▀[0m[38;2;121;195;78;48;2;129;198;88m▀[0m[38;2;107;196;79;48;2;115;199;89m▀[0m[38;2;92;197;80;48;2;102;200;89m▀[0m[38;2;77;197;81;48;2;88;201;90m▀[0m[38;2;77;197;95;48;2;88;201;104m▀[0m[38;2;77;197;110;48;2;87;200;118m▀[0m[38;2;77;196;124;48;2;87;200;131m▀[0m[38;2;76;196;138;48;2;87;200;145m▀[0m[38;2;76;196;152;48;2;86;199;158m▀[0m[38;2;75;195;166;48;2;86;199;171m▀[0m[38;2;74;195;180;48;2;85;198;185m▀[0m[38;2;73;194;194;48;2;84;198;198m▀[0m[38;2;80;186;200;48;2;90;190;204m▀[0m[38;2;87;177;206;48;2;97;181;209m▀[0m[38;2;94;168;212;48;2;102;173;215m▀[0m[38;2;100;159;218;48;2;108;164;220m▀[0m[38;2;106;149;224;48;2;114;155;226m▀[0m[38;2;112;140;230;48;2;119;146;231m▀[0m[38;2;117;129;235;48;2;125;136;237m▀[0m[38;2;123;119;241;48;2;130;127;242m▀[0m[38;2;136;118;239;48;2;142;125;240m▀[0m[38;2;148;116;237;48;2;154;124;239m▀[0m[38;2;161;115;235;48;2;166;122;237m▀[0m[38;2;173;113;233;48;2;178;121;234m▀[0m[38;2;186;111;230;48;2;190;119;232m▀[0m[38;2;198;109;228;48;2;202;117;230m▀[0m[38;2;210;106;225;48;2;213;115;227m▀[0m[38;2;222;104;222;48;2;225;112;225m▀[0m[38;2;223;105;208;48;2;226;113;211m▀[0m[38;2;224;105;194;48;2;227;114;198m▀[0m[38;2;225;106;180;48;2;227;114;185m▀[0m[38;2;226;107;166;48;2;228;115;171m▀[0m[38;2;227;107;151;48;2;229;116;157m▀[0m[38;2;227;108;137;48;2;229;116;144m▀[0m[38;2;228;108;122;48;2;230;116;130m▀[0m[38;2;255;255;255;48;2;255;255;255m [0m
  [38;2;255;255;255;48;2;255;255;255m [0m[38;2;233;125;124;48;2;235;133;133m▀[0m[38;2;228;134;121;48;2;230;142;129m▀[0m[38;2;224;144;117;48;2;226;151;126m▀[0m[38;2;219;153;113;48;2;222;159;122m▀[0m[38;2;215;162;109;48;2;217;168;118m▀[0m[38;2;210;171;105;48;2;213;176;114m▀[0m[38;2;205;179;101;48;2;208;184;110m▀[0m[38;2;200;188;96;48;2;204;192;105m▀[0m[38;2;195;196;91;48;2;199;200;101m▀[0m[38;2;184;197;93;48;2;188;201;102m▀[0m[38;2;172;199;94;48;2;177;202;104m▀[0m[38;2;160;200;95;48;2;166;203;105m▀[0m[38;2;148;201;96;48;2;155;204;106m▀[0m[38;2;136;202;97;48;2;143;205;107m▀[0m[38;2;124;203;98;48;2;132;206;107m▀[0m[38;2;111;204;99;48;2;120;207;108m▀[0m[38;2;98;204;100;48;2;108;208;109m▀[0m[38;2;98;204;113;48;2;108;208;121m▀[0m[38;2;98;204;126;48;2;107;207;133m▀[0m[38;2;97;204;138;48;2;107;207;145m▀[0m[38;2;97;203;151;48;2;107;207;157m▀[0m[38;2;96;203;164;48;2;106;206;169m▀[0m[38;2;96;202;176;48;2;106;206;181m▀[0m[38;2;95;202;189;48;2;105;205;193m▀[0m[38;2;94;201;202;48;2;104;205;205m▀[0m[38;2;100;194;207;48;2;110;198;210m▀[0m[38;2;106;186;212;48;2;115;190;215m▀[0m[38;2;111;178;217;48;2;120;182;220m▀[0m[38;2;116;169;223;48;2;125;175;225m▀[0m[38;2;122;161;228;48;2;130;167;230m▀[0m[38;2;127;152;233;48;2;134;159;235m▀[0m[38;2;132;143;238;48;2;139;150;239m▀[0m[38;2;137;134;243;48;2;144;142;244m▀[0m[38;2;148;133;241;48;2;155;140;243m▀[0m[38;2;160;131;240;48;2;165;139;241m▀[0m[38;2;171;130;238;48;2;176;138;239m▀[0m[38;2;183;128;236;48;2;187;136;238m▀[0m[38;2;194;127;234;48;2;198;134;236m▀[0m[38;2;205;125;232;48;2;209;133;234m▀[0m[38;2;216;123;229;48;2;219;131;232m▀[0m[38;2;227;121;227;48;2;230;129;229m▀[0m[38;2;228;121;214;48;2;230;130;218m▀[0m[38;2;229;122;202;48;2;231;130;206m▀[0m[38;2;230;123;189;48;2;232;131;194m▀[0m[38;2;230;123;176;48;2;232;131;181m▀[0m[38;2;231;124;163;48;2;233;132;169m▀[0m[38;2;231;124;150;48;2;233;132;157m▀[0m[38;2;232;125;137;48;2;234;133;145m▀[0m[38;2;255;255;255;48;2;255;255;255m [0m
  [38;2;255;255;255;48;2;255;255;255m [0m[38;2;236;141;141;48;2;238;149;149m▀[0m[38;2;232;149;137;48;2;235;157;146m▀[0m[38;2;228;158;134;48;2;231;164;142m▀[0m[38;2;224;166;130;48;2;227;172;139m▀[0m[38;2;220;173;127;48;2;223;179;135m▀[0m[38;2;216;181;123;48;2;219;186;132m▀[0m[38;2;212;189;119;48;2;215;194;128m▀[0m[38;2;207;196;115;48;2;211;201;124m▀[0m[38;2;203;204;111;48;2;207;207;121m▀[0m[38;2;193;205;112;48;2;197;209;122m▀[0m[38;2;182;206;113;48;2;188;210;123m▀[0m[38;2;172;207;114;48;2;178;211;124m▀[0m[38;2;161;208;115;48;2;168;212;125m▀[0m[38;2;151;209;116;48;2;158;212;125m▀[0m[38;2;140;210;117;48;2;148;213;126m▀[0m[38;2;129;211;118;48;2;137;214;127m▀[0m[38;2;118;211;118;48;2;127;215;128m▀[0m[38;2;117;211;130;48;2;127;215;138m▀[0m[38;2;117;211;141;48;2;127;214;149m▀[0m[38;2;117;211;153;48;2;126;214;160m▀[0m[38;2;116;210;164;48;2;126;214;170m▀[0m[38;2;116;210;175;48;2;126;213;181m▀[0m[38;2;116;209;186;48;2;125;213;191m▀[0m[38;2;115;209;198;48;2;125;213;202m▀[0m[38;2;114;209;209;48;2;124;212;212m▀[0m[38;2;119;202;213;48;2;129;206;217m▀[0m[38;2;124;195;218;48;2;133;199;221m▀[0m[38;2;129;187;223;48;2;137;192;225m▀[0m[38;2;133;180;227;48;2;141;185;229m▀[0m[38;2;137;172;232;48;2;145;178;234m▀[0m[38;2;142;165;236;48;2;150;171;238m▀[0m[38;2;146;157;241;48;2;154;164;242m▀[0m[38;2;151;149;245;48;2;158;156;246m▀[0m[38;2;161;148;244;48;2;167;155;245m▀[0m[38;2;171;147;242;48;2;177;154;244m▀[0m[38;2;182;145;241;48;2;187;153;242m▀[0m[38;2;192;144;239;48;2;196;152;241m▀[0m[38;2;202;142;237;48;2;206;150;239m▀[0m[38;2;212;141;236;48;2;215;149;237m▀[0m[38;2;222;139;234;48;2;225;147;236m▀[0m[38;2;232;137;232;48;2;234;145;234m▀[0m[38;2;233;138;220;48;2;235;146;223m▀[0m[38;2;233;138;209;48;2;235;147;213m▀[0m[38;2;234;139;198;48;2;236;147;202m▀[0m[38;2;234;139;187;48;2;236;147;192m▀[0m[38;2;235;140;175;48;2;237;148;181m▀[0m[38;2;235;140;164;48;2;237;148;170m▀[0m[38;2;236;141;152;48;2;238;149;160m▀[0m[38;2;255;255;255;48;2;255;255;255m [0m
  [38;2;255;255;255;48;2;255;255;255m [0m[38;2;240;157;157;48;2;242;165;165m▀[0m[38;2;237;164;154;48;2;238;171;162m▀[0m[38;2;233;171;151;48;2;235;178;159m▀[0m[38;2;229;178;147;48;2;232;184;156m▀[0m[38;2;226;185;144;48;2;228;191;153m▀[0m[38;2;222;192;141;48;2;225;197;150m▀[0m[38;2;218;198;137;48;2;222;203;146m▀[0m[38;2;215;205;134;48;2;218;209;143m▀[0m[38;2;211;211;130;48;2;215;215;140m▀[0m[38;2;202;212;131;48;2;206;216;141m▀[0m[38;2;193;213;132;48;2;198;217;142m▀[0m[38;2;184;214;133;48;2;189;218;143m▀[0m[38;2;174;215;134;48;2;181;219;143m▀[0m[38;2;165;216;135;48;2;172;219;144m▀[0m[38;2;156;217;136;48;2;164;220;145m▀[0m[38;2;146;218;136;48;2;155;221;146m▀[0m[38;2;137;218;137;48;2;146;222;146m▀[0m[38;2;136;218;147;48;2;146;221;156m▀[0m[38;2;136;218;157;48;2;146;221;165m▀[0m[38;2;136;217;167;48;2;145;221;174m▀[0m[38;2;136;217;177;48;2;145;221;183m▀[0m[38;2;135;217;186;48;2;145;220;192m▀[0m[38;2;135;217;196;48;2;144;220;201m▀[0m[38;2;134;216;206;48;2;144;220;210m▀[0m[38;2;134;216;216;48;2;144;219;219m▀[0m[38;2;138;210;220;48;2;147;214;223m▀[0m[38;2;142;203;224;48;2;151;208;227m▀[0m[38;2;146;197;228;48;2;154;202;230m▀[0m[38;2;150;191;232;48;2;158;196;234m▀[0m[38;2;153;184;236;48;2;161;190;238m▀[0m[38;2;157;177;240;48;2;165;184;241m▀[0m[38;2;161;171;243;48;2;168;177;245m▀[0m[38;2;165;164;247;48;2;172;171;248m▀[0m[38;2;174;163;246;48;2;180;170;247m▀[0m[38;2;183;162;245;48;2;189;169;246m▀[0m[38;2;192;160;244;48;2;197;168;245m▀[0m[38;2;201;159;242;48;2;205;167;244m▀[0m[38;2;210;158;241;48;2;214;166;242m▀[0m[38;2;219;157;239;48;2;222;165;241m▀[0m[38;2;228;155;238;48;2;230;163;240m▀[0m[38;2;236;154;236;48;2;238;162;238m▀[0m[38;2;237;154;226;48;2;239;162;229m▀[0m[38;2;237;155;216;48;2;239;163;220m▀[0m[38;2;238;155;207;48;2;240;163;211m▀[0m[38;2;238;156;197;48;2;240;164;202m▀[0m[38;2;239;156;187;48;2;241;164;193m▀[0m[38;2;239;156;177;48;2;241;164;183m▀[0m[38;2;240;157;167;48;2;241;165;174m▀[0m[38;2;255;255;255;48;2;255;255;255m [0m
  [38;2;255;255;255;48;2;255;255;255m [0m[38;2;243;173;173;48;2;245;181;181m▀[0m[38;2;240;179;170;48;2;242;186;178m▀[0m[38;2;237;185;167;48;2;240;191;175m▀[0m[38;2;234;191;164;48;2;237;197;173m▀[0m[38;2;231;196;161;48;2;234;202;170m▀[0m[38;2;228;202;159;48;2;231;207;168m▀[0m[38;2;225;208;156;48;2;228;212;165m▀[0m[38;2;222;213;153;48;2;225;217;162m▀[0m[38;2;219;219;150;48;2;222;223;159m▀[0m[38;2;211;220;150;48;2;215;223;160m▀[0m[38;2;203;221;151;48;2;208;224;161m▀[0m[38;2;195;221;152;48;2;201;225;162m▀[0m[38;2;187;222;153;48;2;194;226;162m▀[0m[38;2;180;223;154;48;2;187;226;163m▀[0m[38;2;172;224;154;48;2;179;227;164m▀[0m[38;2;164;224;155;48;2;172;228;164m▀[0m[38;2;155;225;156;48;2;165;228;165m▀[0m[38;2;155;225;164;48;2;165;228;173m▀[0m[38;2;155;225;173;48;2;164;228;180m▀[0m[38;2;155;224;181;48;2;164;228;188m▀[0m[38;2;155;224;189;48;2;164;227;196m▀[0m[38;2;154;224;198;48;2;164;227;203m▀[0m[38;2;154;223;206;48;2;163;227;211m▀[0m[38;2;154;223;215;48;2;163;227;219m▀[0m[38;2;153;223;223;48;2;163;226;226m▀[0m[38;2;157;218;226;48;2;166;221;229m▀[0m[38;2;160;212;230;48;2;169;217;232m▀[0m[38;2;163;207;233;48;2;172;212;236m▀[0m[38;2;166;201;236;48;2;175;207;239m▀[0m[38;2;169;196;240;48;2;178;201;242m▀[0m[38;2;173;190;243;48;2;180;196;245m▀[0m[38;2;176;184;246;48;2;183;191;248m▀[0m[38;2;179;178;249;48;2;186;186;251m▀[0m[38;2;187;178;248;48;2;193;185;250m▀[0m[38;2;195;177;247;48;2;200;184;249m▀[0m[38;2;202;176;246;48;2;208;183;248m▀[0m[38;2;210;175;245;48;2;215;182;247m▀[0m[38;2;218;174;244;48;2;222;181;246m▀[0m[38;2;225;172;243;48;2;229;180;245m▀[0m[38;2;233;171;242;48;2;236;179;243m▀[0m[38;2;240;170;240;48;2;242;178;242m▀[0m[38;2;241;170;232;48;2;243;179;235m▀[0m[38;2;241;171;224;48;2;243;179;227m▀[0m[38;2;242;171;215;48;2;244;179;219m▀[0m[38;2;242;172;207;48;2;244;180;212m▀[0m[38;2;242;172;198;48;2;244;180;204m▀[0m[38;2;243;172;190;48;2;245;180;196m▀[0m[38;2;243;172;181;48;2;245;180;188m▀[0m[38;2;255;255;255;48;2;255;255;255m [0m
  [38;2;255;255;255;48;2;255;255;255m [0m[38;2;247;189;188;48;2;249;196;196m▀[0m[38;2;244;193;186;48;2;246;201;194m▀[0m[38;2;242;198;184;48;2;244;205;192m▀[0m[38;2;239;203;181;48;2;242;209;190m▀[0m[38;2;237;208;179;48;2;239;214;188m▀[0m[38;2;234;212;176;48;2;237;218;185m▀[0m[38;2;231;217;174;48;2;235;222;183m▀[0m[38;2;229;222;172;48;2;232;226;181m▀[0m[38;2;226;226;169;48;2;230;230;179m▀[0m[38;2;220;227;170;48;2;224;231;179m▀[0m[38;2;213;228;170;48;2;219;231;180m▀[0m[38;2;207;229;171;48;2;213;232;181m▀[0m[38;2;200;229;172;48;2;207;233;181m▀[0m[38;2;194;230;172;48;2;201;233;182m▀[0m[38;2;187;231;173;48;2;195;234;182m▀[0m[38;2;181;231;174;48;2;189;235;183m▀[0m[38;2;174;232;174;48;2;184;235;184m▀[0m[38;2;174;232;181;48;2;183;235;190m▀[0m[38;2;174;231;188;48;2;183;235;196m▀[0m[38;2;174;231;195;48;2;183;234;202m▀[0m[38;2;173;231;202;48;2;183;234;209m▀[0m[38;2;173;231;209;48;2;183;234;215m▀[0m[38;2;173;230;216;48;2;182;234;221m▀[0m[38;2;173;230;223;48;2;182;234;227m▀[0m[38;2;172;230;230;48;2;182;233;233m▀[0m[38;2;175;225;233;48;2;184;229;236m▀[0m[38;2;178;221;235;48;2;187;225;238m▀[0m[38;2;180;216;238;48;2;189;221;241m▀[0m[38;2;183;212;241;48;2;191;217;243m▀[0m[38;2;186;207;244;48;2;194;213;246m▀[0m[38;2;188;203;246;48;2;196;209;248m▀[0m[38;2;191;198;249;48;2;198;205;250m▀[0m[38;2;193;193;252;48;2;201;200;253m▀[0m[38;2;200;192;251;48;2;206;200;252m▀[0m[38;2;206;192;250;48;2;212;199;251m▀[0m[38;2;213;191;249;48;2;218;198;250m▀[0m[38;2;219;190;248;48;2;224;198;250m▀[0m[38;2;226;189;247;48;2;229;197;249m▀[0m[38;2;232;188;246;48;2;235;196;248m▀[0m[38;2;238;187;245;48;2;241;195;247m▀[0m[38;2;244;186;244;48;2;246;194;246m▀[0m[38;2;245;187;237;48;2;247;195;240m▀[0m[38;2;245;187;230;48;2;247;195;234m▀[0m[38;2;245;187;224;48;2;247;195;228m▀[0m[38;2;246;187;217;48;2;248;195;221m▀[0m[38;2;246;188;210;48;2;248;196;215m▀[0m[38;2;246;188;203;48;2;248;196;209m▀[0m[38;2;247;188;195;48;2;248;196;203m▀[0m[38;2;255;255;255;48;2;255;255;255m [0m
  [38;2;255;255;255;48;2;255;255;255m [0m[38;2;250;204;204;48;2;252;212;212m▀[0m[38;2;248;208;202;48;2;250;215;210m▀[0m[38;2;246;212;200;48;2;248;219;209m▀[0m[38;2;244;216;198;48;2;247;222;207m▀[0m[38;2;242;219;196;48;2;245;225;205m▀[0m[38;2;240;223;194;48;2;243;228;203m▀[0m[38;2;238;227;193;48;2;241;231;202m▀[0m[38;2;236;230;191;48;2;239;235;200m▀[0m[38;2;234;234;189;48;2;238;238;198m▀[0m[38;2;229;235;189;48;2;233;238;199m▀[0m[38;2;224;235;190;48;2;229;239;199m▀[0m[38;2;219;236;190;48;2;224;239;200m▀[0m[38;2;214;236;191;48;2;220;240;200m▀[0m[38;2;208;237;191;48;2;216;240;201m▀[0m[38;2;203;237;192;48;2;211;241;201m▀[0m[38;2;198;238;192;48;2;207;241;202m▀[0m[38;2;193;238;193;48;2;202;242;202m▀[0m[38;2;193;238;198;48;2;202;241;207m▀[0m[38;2;192;238;204;48;2;202;241;212m▀[0m[38;2;192;238;209;48;2;202;241;216m▀[0m[38;2;192;238;215;48;2;201;241;221m▀[0m[38;2;192;237;220;48;2;201;241;226m▀[0m[38;2;192;237;226;48;2;201;241;231m▀[0m[38;2;192;237;231;48;2;201;240;236m▀[0m[38;2;191;237;237;48;2;201;240;240m▀[0m[38;2;193;233;239;48;2;203;237;242m▀[0m[38;2;195;230;241;48;2;204;234;244m▀[0m[38;2;198;226;243;48;2;206;231;246m▀[0m[38;2;200;222;245;48;2;208;228;248m▀[0m[38;2;202;219;247;48;2;210;225;249m▀[0m[38;2;204;215;250;48;2;212;221;251m▀[0m[38;2;206;211;252;48;2;213;218;253m▀[0m[38;2;208;208;254;48;2;215;215;255m▀[0m[38;2;213;207;253;48;2;220;214;254m▀[0m[38;2;218;206;253;48;2;224;214;254m▀[0m[38;2;223;206;252;48;2;228;213;253m▀[0m[38;2;228;205;251;48;2;233;213;253m▀[0m[38;2;233;205;250;48;2;237;212;252m▀[0m[38;2;238;204;250;48;2;242;212;251m▀[0m[38;2;243;203;249;48;2;246;211;251m▀[0m[38;2;248;202;248;48;2;250;210;250m▀[0m[38;2;249;203;243;48;2;250;211;245m▀[0m[38;2;249;203;237;48;2;251;211;241m▀[0m[38;2;249;203;232;48;2;251;211;236m▀[0m[38;2;249;203;226;48;2;251;211;231m▀[0m[38;2;250;204;221;48;2;251;211;226m▀[0m[38;2;250;204;215;48;2;251;212;222m▀[0m[38;2;250;204;210;48;2;252;212;217m▀[0m[38;2;255;255;255;48;2;255;255;255m [0m
  [38;2;255;255;255;48;2;255;255;255m [0m[38;2;254;220;220;48;2;255;228;228m▀[0m[38;2;252;223;218;48;2;254;230;226m▀[0m[38;2;251;225;217;48;2;253;232;225m▀[0m[38;2;249;228;215;48;2;252;234;224m▀[0m[38;2;248;231;214;48;2;250;237;223m▀[0m[38;2;246;233;213;48;2;249;239;222m▀[0m[38;2;245;236;211;48;2;248;241;220m▀[0m[38;2;243;239;210;48;2;247;243;219m▀[0m[38;2;242;242;208;48;2;245;245;218m▀[0m[38;2;238;242;209;48;2;242;246;218m▀[0m[38;2;234;242;209;48;2;239;246;219m▀[0m[38;2;230;243;209;48;2;236;246;219m▀[0m[38;2;227;243;210;48;2;233;247;219m▀[0m[38;2;223;244;210;48;2;230;247;220m▀[0m[38;2;219;244;211;48;2;227;247;220m▀[0m[38;2;215;244;211;48;2;224;248;220m▀[0m[38;2;211;245;211;48;2;221;248;221m▀[0m[38;2;211;245;215;48;2;221;248;224m▀[0m[38;2;211;245;219;48;2;220;248;227m▀[0m[38;2;211;244;224;48;2;220;248;231m▀[0m[38;2;211;244;228;48;2;220;248;234m▀[0m[38;2;211;244;232;48;2;220;248;237m▀[0m[38;2;211;244;236;48;2;220;247;241m▀[0m[38;2;210;244;240;48;2;220;247;244m▀[0m[38;2;210;244;244;48;2;220;247;247m▀[0m[38;2;212;241;245;48;2;221;245;248m▀[0m[38;2;213;238;247;48;2;222;243;250m▀[0m[38;2;215;236;248;48;2;223;241;251m▀[0m[38;2;216;233;250;48;2;225;238;252m▀[0m[38;2;218;230;251;48;2;226;236;253m▀[0m[38;2;219;228;253;48;2;227;234;255m▀[0m[38;2;221;225;255;48;2;228;232;255m▀[0m[38;2;222;222;255;48;2;230;230;255m▀[0m[38;2;226;222;255;48;2;233;229;255m▀[0m[38;2;230;221;255;48;2;236;229;255m▀[0m[38;2;234;221;255;48;2;239;228;255m▀[0m[38;2;237;220;254;48;2;242;228;255m▀[0m[38;2;241;220;254;48;2;245;228;255m▀[0m[38;2;245;219;253;48;2;248;227;255m▀[0m[38;2;249;219;253;48;2;251;227;255m▀[0m[38;2;252;219;252;48;2;254;227;254m▀[0m[38;2;252;219;248;48;2;254;227;251m▀[0m[38;2;253;219;244;48;2;254;227;247m▀[0m[38;2;253;219;240;48;2;255;227;244m▀[0m[38;2;253;219;236;48;2;255;227;241m▀[0m[38;2;253;219;232;48;2;255;227;238m▀[0m[38;2;253;219;228;48;2;255;227;234m▀[0m[38;2;253;220;224;48;2;255;227;231m▀[0m[38;2;255;255;255;48;2;255;255;255m [0m
  [38;2;255;255;255;48;2;255;255;255m [0m[38;2;255;235;235;48;2;255;255;255m▀[0m[38;2;255;237;234;48;2;255;255;255m▀[0m[38;2;255;239;233;48;2;255;255;255m▀[0m[38;2;254;241;233;48;2;255;255;255m▀[0m[38;2;253;242;232;48;2;255;255;255m▀[0m[38;2;252;244;231;48;2;255;255;255m▀[0m[38;2;251;246;230;48;2;255;255;255m▀[0m[38;2;250;247;229;48;2;255;255;255m▀[0m[38;2;249;249;228;48;2;255;255;255m▀[0m[38;2;247;249;228;48;2;255;255;255m▀[0m[38;2;244;250;228;48;2;255;255;255m▀[0m[38;2;242;250;229;48;2;255;255;255m▀[0m[38;2;240;250;229;48;2;255;255;255m▀[0m[38;2;237;251;229;48;2;255;255;255m▀[0m[38;2;235;251;229;48;2;255;255;255m▀[0m[38;2;232;251;230;48;2;255;255;255m▀[0m[38;2;230;251;230;48;2;255;255;255m▀[0m[38;2;230;251;233;48;2;255;255;255m▀[0m[38;2;230;251;235;48;2;255;255;255m▀[0m[38;2;230;251;238;48;2;255;255;255m▀[0m[38;2;230;251;240;48;2;255;255;255m▀[0m[38;2;229;251;243;48;2;255;255;255m▀[0m[38;2;229;251;245;48;2;255;255;255m▀[0m[38;2;229;251;248;48;2;255;255;255m▀[0m[38;2;229;251;251;48;2;255;255;255m▀[0m[38;2;230;249;252;48;2;255;255;255m▀[0m[38;2;231;247;253;48;2;255;255;255m▀[0m[38;2;232;246;254;48;2;255;255;255m▀[0m[38;2;233;244;255;48;2;255;255;255m▀[0m[38;2;234;242;255;48;2;255;255;255m▀[0m[38;2;235;240;255;48;2;255;255;255m▀[0m[38;2;236;239;255;48;2;255;255;255m▀[0m[38;2;237;237;255;48;2;255;255;255m▀[0m[38;2;239;237;255;48;2;255;255;255m▀[0m[38;2;242;236;255;48;2;255;255;255m▀[0m[38;2;244;236;255;48;2;255;255;255m▀[0m[38;2;246;236;255;48;2;255;255;255m▀[0m[38;2;249;235;255;48;2;255;255;255m▀[0m[38;2;251;235;255;48;2;255;255;255m▀[0m[38;2;254;235;255;48;2;255;255;255m▀[0m[38;2;255;235;255;48;2;255;255;255m▀[0m[38;2;255;235;253;48;2;255;255;255m▀[0m[38;2;255;235;251;48;2;255;255;255m▀[0m[38;2;255;235;248;48;2;255;255;255m▀[0m[38;2;255;235;246;48;2;255;255;255m▀[0m[38;2;255;235;243;48;2;255;255;255m▀[0m[38;2;255;235;240;48;2;255;255;255m▀[0m[38;2;255;235;238;48;2;255;255;255m▀[0m[38;2;255;255;255;48;2;255;255;255m [0m


  [38;2;240;240;240;48;2;181;181;181m▀[0m[38;2;181;181;181;48;2;240;240;240m▀[0m[38;2;240;240;240;48;2;181;181;181m▀[0m[38;2;181;181;181;48;2;240;240;240m▀[0m[38;2;240;240;240;48;2;181;181;181m▀[0m[38;2;181;181;181;48;2;240;240;240m▀[0m[38;2;240;240;240;48;2;181;181;181m▀[0m[38;2;181;181;181;48;2;240;240;240m▀[0m[38;2;240;240;240;48;2;181;181;181m▀[0m[38;2;181;181;181;48;2;240;240;240m▀[0m[38;2;240;240;240;48;2;181;181;181m▀[0m[38;2;181;181;181;48;2;240;240;240m▀[0m[38;2;240;240;240;48;2;181;181;181m▀[0m[38;2;181;181;181;48;2;240;240;240m▀[0m[38;2;240;240;240;48;2;181;181;181m▀[0m[38;2;181;181;181;48;2;240;240;240m▀[0m  Hex: #5f4312                            
  [38;2;240;240;240;48;2;181;181;181m▀[0m[38;2;181;181;181;48;2;240;240;240m▀[0m[38;2;95;67;18;48;2;95;67;18m [0m[38;2;95;67;18;48;2;95;67;18m [0m[38;2;95;67;18;48;2;95;67;18m [0m[38;2;95;67;18;48;2;95;67;18m [0m[38;2;95;67;18;48;2;95;67;18m [0m[38;2;95;67;18;48;2;95;67;18m [0m[38;2;95;67;18;48;2;95;67;18m [0m[38;2;95;67;18;48;2;95;67;18m [0m[38;2;95;67;18;48;2;95;67;18m [0m[38;2;95;67;18;48;2;95;67;18m [0m[38;2;95;67;18;48;2;95;67;18m [0m[38;2;95;67;18;48;2;95;67;18m [0m[38;2;240;240;240;48;2;181;181;181m▀[0m[38;2;181;181;181;48;2;240;240;240m▀[0m  RGB: rgb(95, 67, 18)                    
  [38;2;240;240;240;48;2;181;181;181m▀[0m[38;2;181;181;181;48;2;240;240;240m▀[0m[38;2;95;67;18;48;2;95;67;18m [0m[38;2;95;67;18;48;2;95;67;18m [0m[38;2;95;67;18;48;2;95;67;18m [0m[38;2;95;67;18;48;2;95;67;18m [0m[38;2;95;67;18;48;2;95;67;18m [0m[38;2;95;67;18;48;2;95;67;18m [0m[38;2;95;67;18;48;2;95;67;18m [0m[38;2;95;67;18;48;2;95;67;18m [0m[38;2;95;67;18;48;2;95;67;18m [0m[38;2;95;67;18;48;2;95;67;18m [0m[38;2;95;67;18;48;2;95;67;18m [0m[38;2;95;67;18;48;2;95;67;18m [0m[38;2;240;240;240;48;2;181;181;181m▀[0m[38;2;181;181;181;48;2;240;240;240m▀[0m  HSL: hsl(38, 68.1%, 22.2%)              
  [38;2;240;240;240;48;2;181;181;181m▀[0m[38;2;181;181;181;48;2;240;240;240m▀[0m[38;2;95;67;18;48;2;95;67;18m [0m[38;2;95;67;18;48;2;95;67;18m [0m[38;2;95;67;18;48;2;95;67;18m [0m[38;2;95;67;18;48;2;95;67;18m [0m[38;2;95;67;18;48;2;95;67;18m [0m[38;2;95;67;18;48;2;95;67;18m [0m[38;2;95;67;18;48;2;95;67;18m [0m[38;2;95;67;18;48;2;95;67;18m [0m[38;2;95;67;18;48;2;95;67;18m [0m[38;2;95;67;18;48;2;95;67;18m [0m[38;2;95;67;18;48;2;95;67;18m [0m[38;2;95;67;18;48;2;95;67;18m [0m[38;2;240;240;240;48;2;181;181;181m▀[0m[38;2;181;181;181;48;2;240;240;240m▀[0m                                          
  [38;2;240;240;240;48;2;181;181;181m▀[0m[38;2;181;181;181;48;2;240;240;240m▀[0m[38;2;95;67;18;48;2;95;67;18m [0m[38;2;95;67;18;48;2;95;67;18m [0m[38;2;95;67;18;48;2;95;67;18m [0m[38;2;95;67;18;48;2;95;67;18m [0m[38;2;95;67;18;48;2;95;67;18m [0m[38;2;95;67;18;48;2;95;67;18m [0m[38;2;95;67;18;48;2;95;67;18m [0m[38;2;95;67;18;48;2;95;67;18m [0m[38;2;95;67;18;48;2;95;67;18m [0m[38;2;95;67;18;48;2;95;67;18m [0m[38;2;95;67;18;48;2;95;67;18m [0m[38;2;95;67;18;48;2;95;67;18m [0m[38;2;240;240;240;48;2;181;181;181m▀[0m[38;2;181;181;181;48;2;240;240;240m▀[0m  Most similar:                           
  [38;2;240;240;240;48;2;181;181;181m▀[0m[38;2;181;181;181;48;2;240;240;240m▀[0m[38;2;95;67;18;48;2;95;67;18m [0m[38;2;95;67;18;48;2;95;67;18m [0m[38;2;95;67;18;48;2;95;67;18m [0m[38;2;95;67;18;48;2;95;67;18m [0m[38;2;95;67;18;48;2;95;67;18m [0m[38;2;95;67;18;48;2;95;67;18m [0m[38;2;95;67;18;48;2;95;67;18m [0m[38;2;95;67;18;48;2;95;67;18m [0m[38;2;95;67;18;48;2;95;67;18m [0m[38;2;95;67;18;48;2;95;67;18m [0m[38;2;95;67;18;48;2;95;67;18m [0m[38;2;95;67;18;48;2;95;67;18m [0m[38;2;240;240;240;48;2;181;181;181m▀[0m[38;2;181;181;181;48;2;240;240;240m▀[0m   [38;2;139;69;19;48;2;139;69;19m [0m[38;2;139;69;19;48;2;139;69;19m [0m[38;2;139;69;19;48;2;139;69;19m [0m[38;2;139;69;19;48;2;139;69;19m [0m[38;2;139;69;19;48;2;139;69;19m [0m saddlebrown                      
  [38;2;240;240;240;48;2;181;181;181m▀[0m[38;2;181;181;181;48;2;240;240;240m▀[0m[38;2;95;67;18;48;2;95;67;18m [0m[38;2;95;67;18;48;2;95;67;18m [0m[38;2;95;67;18;48;2;95;67;18m [0m[38;2;95;67;18;48;2;95;67;18m [0m[38;2;95;67;18;48;2;95;67;18m [0m[38;2;95;67;18;48;2;95;67;18m [0m[38;2;95;67;18;48;2;95;67;18m [0m[38;2;95;67;18;48;2;95;67;18m [0m[38;2;95;67;18;48;2;95;67;18m [0m[38;2;95;67;18;48;2;95;67;18m [0m[38;2;95;67;18;48;2;95;67;18m [0m[38;2;95;67;18;48;2;95;67;18m [0m[38;2;240;240;240;48;2;181;181;181m▀[0m[38;2;181;181;181;48;2;240;240;240m▀[0m   [38;2;160;82;45;48;2;160;82;45m [0m[38;2;160;82;45;48;2;160;82;45m [0m[38;2;160;82;45;48;2;160;82;45m [0m[38;2;160;82;45;48;2;160;82;45m [0m[38;2;160;82;45;48;2;160;82;45m [0m sienna                           
  [38;2;240;240;240;48;2;181;181;181m▀[0m[38;2;181;181;181;48;2;240;240;240m▀[0m[38;2;240;240;240;48;2;181;181;181m▀[0m[38;2;181;181;181;48;2;240;240;240m▀[0m[38;2;240;240;240;48;2;181;181;181m▀[0m[38;2;181;181;181;48;2;240;240;240m▀[0m[38;2;240;240;240;48;2;181;181;181m▀[0m[38;2;181;181;181;48;2;240;240;240m▀[0m[38;2;240;240;240;48;2;181;181;181m▀[0m[38;2;181;181;181;48;2;240;240;240m▀[0m[38;2;240;240;240;48;2;181;181;181m▀[0m[38;2;181;181;181;48;2;240;240;240m▀[0m[38;2;240;240;240;48;2;181;181;181m▀[0m[38;2;181;181;181;48;2;240;240;240m▀[0m[38;2;240;240;240;48;2;181;181;181m▀[0m[38;2;181;181;181;48;2;240;240;240m▀[0m   [38;2;85;107;47;48;2;85;107;47m [0m[38;2;85;107;47;48;2;85;107;47m [0m[38;2;85;107;47;48;2;85;107;47m [0m[38;2;85;107;47;48;2;85;107;47m [0m[38;2;85;107;47;48;2;85;107;47m [0m darkolivegreen                   

[?2004h[os@klunk pattypan]$ carg[K            [K            [K            [K            cargo
[?2004lRust's package manager

[32m[1mUsage:[39m[22m [36m[1mcargo[39m[22m [36m[+toolchain] [OPTIONS] [COMMAND][39m
       [36m[1mcargo[39m[22m [36m[+toolchain] [OPTIONS][39m [36m[1m-Zscript[39m[22m [36m<MANIFEST_RS> [ARGS]...[39m

[32m[1mOptions:[39m[22m
  [1m[36m-V[0m, [1m[36m--version[0m                  Print version info and exit
      [1m[36m--list[0m                     List installed commands
      [1m[36m--explain[0m[36m [0m[36m<CODE>[0m           Provide a detailed explanation of a rustc error message
  [1m[36m-v[0m, [1m[36m--verbose[0m[36m...[0m               Use verbose output (-vv very verbose/build.rs output)
  [1m[36m-q[0m, [1m[36m--quiet[0m                    Do not print cargo log messages
      [1m[36m--color[0m[36m [0m[36m<WHEN>[0m             Coloring [possible values: auto, always, never]
  [1m[36m-C[0m[36m [0m[36m<DIRECTORY>[0m                 Change to DIRECTORY before doing anything (nightly-only)
      [1m[36m--locked[0m                   Assert that `Cargo.lock` will remain unchanged
      [1m[36m--offline[0m                  Run without accessing the network
      [1m[36m--frozen[0m                   Equivalent to specifying both --locked and --offline
      [1m[36m--config[0m[36m [0m[36m<KEY=VALUE|PATH>[0m  Override a configuration value
  [1m[36m-Z[0m[36m [0m[36m<FLAG>[0m                      Unstable (nightly-only) flags to Cargo, see 'cargo -Z help' for
                                 details
  [1m[36m-h[0m, [1m[36m--help[0m                     Print help

[32m[1mCommands:[39m[22m
    [36m[1mbuild[39m[22m, [36m[1mb[39m[22m    Compile the current package
    [36m[1mcheck[39m[22m, [36m[1mc[39m[22m    Analyze the current package and report errors, but don't build object files
    [36m[1mclean[39m[22m       Remove the target directory
    [36m[1mdoc[39m[22m, [36m[1md[39m[22m      Build this package's and its dependencies' documentation
    [36m[1mnew[39m[22m         Create a new cargo package
    [36m[1minit[39m[22m        Create a new cargo package in an existing directory
    [36m[1madd[39m[22m         Add dependencies to a manifest file
    [36m[1mremove[39m[22m      Remove dependencies from a manifest file
    [36m[1mrun[39m[22m, [36m[1mr[39m[22m      Run a binary or example of the local package
    [36m[1mtest[39m[22m, [36m[1mt[39m[22m     Run the tests
    [36m[1mbench[39m[22m       Run the benchmarks
    [36m[1mupdate[39m[22m      Update dependencies listed in Cargo.lock
    [36m[1msearch[39m[22m      Search registry for crates
    [36m[1mpublish[39m[22m     Package and upload this package to the registry
    [36m[1minstall[39m[22m     Install a Rust binary
    [36m[1muninstall[39m[22m   Uninstall a Rust binary
    [36m...[39m         See all commands with [36m[1m--list[39m[22m

See '[36m[1mcargo help[39m[22m [36m<command>[39m' for more information on a specific command.
[?2004h[os@klunk pattypan]$ 